[55.30497635  7.40024957 17.63508493  0.30432402  0.80999403  0.54911036][55.3115      7.40134079 17.63727127  0.30429076  0.81003107  0.54884171][55.3115      7.40134079 17.63727127  0.30429076  0.81003107  0.54884171]
[nan nan nan nan nan nan]
[nan nan nan nan nan nan]
[nan nan nan nan nan nan]
[nan nan nan nan nan nan]
[nan nan nan nan nan nan]
[55.30497635  7.40024957 17.63508493  0.30432402  0.80999403  0.54911036]
[55.30497635  7.40024957 17.63508493  0.30432402  0.80999403  0.54911036]
[55.30497635  7.40024957 17.63508493  0.30432402  0.80999403  0.54911036]
[55.30689806  7.40056329 17.63572479  0.30431674  0.81000718  0.54904219]
[54.93890721  7.34504549 17.51552011  0.30425308  0.80622995  0.55534285]
[2.697575   0.35254695 0.85665945 0.01743857 0.04156074 0.04074671]
[54.93890721  7.34504549 17.51552011  0.30425308  0.80622995  0.55534285]
